4294967294,0
4243767290,0
4294967294,39
4294967294,15
4294967294,428
4294967294,472
4294967294,67
4243767290,3
4243767290,2
4294967294,127
4294967294,20
4294967294,13
4294967278,187
4294967278,186
4294967278,185
4294967294,93
4294967294,95
0,5
4294967278,184
4294967294,50
4294967294,424
4294967294,52
4294967294,25
4294967294,180
4294967294,175
4294967294,183
4294967294,470
4294967294,1087
4294967294,27
4294967294,1160
4294967294,1158
4294967294,1157
4294967294,1156
4294967294,1155
4294967294,1154
4294967294,1153
4294967294,1085
4294967294,1084
4294967294,1081
4294967294,1079
4294967294,1077
4294967294,1076
4294967294,1075
4294967294,1074
4294967294,1073
4294967294,1069
4294967294,1068
4294967294,1066
4294967294,1057
4294967294,420
4294967294,401
4294967294,176
4294967294,166
4294967294,24
4294967294,189
4294967294,26
4294967294,1248
4294967294,7
4294967294,6
4294967294,22
4294967294,425
4294967294,81
4294967294,11
4294967294,68
4294967278,132
4294967278,131
4294967278,130
4294967278,129
4294967278,128
4294967278,127
4294967278,126
4294967278,125
4294967278,124
4294967278,123
4294967278,122
4294967278,121
4294967278,120
4294967278,119
4294967278,118
4294967278,117
4294967278,116
4294967278,115
4294967278,114
4294967278,113
4294967278,112
4294967278,111
4294967278,110
4294967278,109
4294967278,108
4294967278,107
4294967278,106
4294967278,105
4294967278,104
4294967278,103
4294967278,102
4294967278,101
4294967278,100
4294967278,99
4294967278,98
4294967278,97
4294967278,96
4294967278,95
4294967278,94
4294967278,93
4294967278,92
4294967278,91
4294967278,90
4294967278,89
4294967278,87
4294967278,86
4294967278,85
4294967278,84
4294967278,83
4294967278,82
4294967278,81
4294967278,80
4294967278,79
4294967278,78
4294967278,77
4294967278,76
4294967278,75
4294967278,74
4294967278,73
4294967278,72
4294967278,71
4294967278,314
4294967278,70
4294967278,69
4294967278,68
4294967278,67
4294967278,66
4294967278,65
4294967278,64
4294967278,63
4294967278,62
4294967278,61
4294967278,60
4294967278,59
4294967278,58
4294967278,57
4294967278,56
4294967278,55
4294967278,54
4294967278,304
4294967278,53
4294967278,52
4294967278,51
4294967278,50
4294967278,49
4294967278,48
4294967278,47
4294967278,46
4294967278,45
4294967279,47
4294967279,44
4294967279,43
4294967279,41
4294967279,37
4294967279,32
4294967279,30
4294967279,26
4294967279,22
4294967279,19
4294967279,15
4294967279,13
4294967279,12
4294967279,11
4294967279,8
4294967279,7
4294967279,6
4294967279,5
4294967279,4
4294967278,326
4294967279,391
4294967278,325
17,4
17,3
17,2
17,1
4294967294,437
16,4
16,3
16,2
16,1
4294967294,1216
4294967294,1217
4294967294,1166
15,6
15,5
15,4
15,3
15,2
15,1
4294967278,324
4294967279,390
14,4
14,3
14,2
14,1
13,4
13,3
13,2
13,1
4294967279,389
4294967294,1419
4294967278,323
12,4
12,3
12,2
12,1
11,6
11,5
11,4
11,3
11,2
11,1
4294967279,388
10,4
10,3
10,2
10,1
4294967279,387
9,4
9,3
9,2
9,1
4294967278,322
4294967279,386
4294967279,385
4294967279,384
4294967278,321
4294967278,320
4294967294,471
4294967278,319
4294967293,131
4294967293,130
4294967293,129
4294967293,128
4294967293,127
4294967293,126
4294967293,125
4294967293,124
4294967293,123
4294967293,122
4294967293,121
4294967293,120
4294967293,119
4294967293,118
4294967293,117
4294967293,116
4294967293,115
4294967293,114
4294967293,113
4294967293,112
4294967293,111
4294967293,110
4294967293,109
4294967293,108
4294967293,107
4294967293,106
4294967293,105
4294967293,104
4294967293,103
4294967293,102
4294967293,101
4294967293,100
4294967293,99
4294967293,98
4294967293,97
4294967293,96
4294967293,95
4294967293,94
4294967293,93
4294967293,92
4294967293,91
4294967293,90
4294967293,89
4294967293,88
4294967293,87
4294967293,86
4294967293,85
4294967293,84
4294967293,83
4294967293,82
4294967293,81
4294967293,80
4294967293,79
4294967293,78
4294967293,77
4294967293,76
4294967293,75
4294967293,74
4294967293,73
4294967293,72
4294967293,71
4294967293,70
4294967293,69
4294967293,68
4294967293,67
4294967293,66
4294967293,65
4294967293,64
4294967293,63
4294967293,62
4294967293,61
4294967293,60
4294967293,59
4294967293,58
4294967293,57
4294967293,56
4294967293,55
4294967293,54
4294967293,53
4294967293,52
4294967293,51
4294967293,50
4294967293,49
4294967293,48
4294967293,47
4294967293,46
4294967293,45
4294967293,44
4294967293,43
4294967293,42
4294967293,41
4294967293,40
4294967293,39
4294967293,38
4294967293,37
4294967293,36
4294967293,35
4294967293,34
4294967293,33
4294967293,32
4294967293,31
4294967293,30
4294967293,29
